latitude : -8.2192335
longitude :114.36922670000001